146
100
134
112
145
165
161
109
193
199
140
181
156
123
104
173
182
109
196
110
145
174
192
171
193
172
166
175
193
128
137
131
134
154
170
187
189
147
110
152
183
141
190
138
143
192
166
191
104
126
135
196
135
102
151
175
175
188
172
126
154
187
100
164
169
192
146
156
113
141
103
107
133
191
184
169
198
165
132
199
125
130
156
162
186
147
128
134
149
128
154
126
130
147
166
128
131
183
163
156
127
111
144
132
186
184
177
168
123
142
124
175
193
132
148
104
108
183
195
178
188
113
109
112
115
126
189
126
172
122
157
187
151
191
135
168
161
105
162
170
114
132
182
168
133
189
158
141
193
128
114
184
155
166
166
184
103
120
157
118
180
178
103
141
192
155
154
153
192
151
149
159
113
136
162
173
111
116
133
139
168
117
138
164
123
178
144
155
163
198
102
124
140
151
139
188
184
102
114
155
131
156
