186
185
110
133
111
150
159
186
114
144
196
120
187
126
156
178
195
168
101
100
191
198
168
147
158
145
169
126
124
157
174
181
153
146
123
115
130
164
171
185
107
138
185
116
171
148
159
156
117
191
126
183
160
181
176
101
100
166
119
148
154
142
159
109
124
174
138
153
159
156
188
144
152
178
136
103
160
160
184
130
174
101
126
184
148
172
187
161
171
109
123
114
191
167
165
110
178
161
152
110
199
188
120
150
188
134
158
104
190
122
100
117
101
186
178
135
140
166
154
129
128
125
101
138
127
143
178
178
153
189
118
103
169
177
128
196
120
163
177
193
135
175
170
193
151
188
159
144
129
194
191
199
135
172
108
152
162
193
105
192
165
185
126
107
127
183
158
184
140
195
130
199
128
142
124
167
153
199
184
143
144
101
116
193
143
112
152
156
197
184
124
186
124
174
125
187
151
166
172
188
134
111
