181
130
125
156
163
199
106
113
198
130
139
130
194
104
174
162
199
180
118
161
191
151
151
160
150
175
100
175
106
155
130
107
133
149
173
114
115
150
124
151
136
138
119
134
182
143
108
160
133
103
142
121
137
133
105
193
126
131
137
146
149
181
161
173
181
110
134
108
130
192
131
183
109
120
176
153
172
197
137
162
111
169
168
138
105
175
179
176
186
110
108
167
159
173
184
143
149
165
134
148
156
191
165
160
110
175
192
151
173
118
184
170
151
109
162
155
180
106
179
193
176
120
158
139
187
181
104
101
174
163
112
169
112
123
123
119
172
150
177
125
185
178
132
164
186
199
120
167
185
174
119
186
151
106
100
175
176
143
153
199
109
116
150
143
165
102
158
153
176
161
122
185
153
102
185
181
175
118
171
178
107
153
157
182
129
163
188
108
133
141
166
176
199
129
116
128
118
113
174
173
198
138
